[Priority]
s1=*.sfv
s2=*.m3u
s3=*.nfo
s4=*.diz

[Main]
Options=100100001000001001101001111111100000010111110111000000001000000000010011001001104110000000021001011111111300
UTB=3
tbCapFTP=FlashFXP %s %ttr %p %n
build=1015
NOP=97A1
setup=38817
FileExists=000000000
ZAP=38654
QHistoryMax=50
Queue=101

[LiveUpdate]
Last=40309

[Graph]
V=0
H=65

[Window]
Left=89
Top=23
Width=819
Height=614
State=0
TS=0.482421875
BS=0.4833984375
CS=0.574568271636963
LTS=0
RTS=0
THP=395

[QuickConnect]
Left=0
Top=0
Width=424
Height=261
State=0

[QueueWindow]
Left=0
Top=0
Width=501
Height=251
State=0

[Session]
787928=08-03-07_14.39.02.787928.fqf
525246=08-21-07_14.47.13.525246.fqf
263160=10-08-07_08.19.44.263160.fqf
198102=11-06-07_10.36.15.198102.fqf
3476602=08-20-08_09.03.17.3476602.fqf
2361154=07-01-09_11.50.01.2361154.fqf

[StatusWin]
Left=212
Top=154
Width=592
Height=406
State=0
Font="ו", 8, [], [clWindowText], 134
Color=-2147483643
OnTop=0
Wrap=0
