[#Total#]
LR=38617.7199046875
TC=13
FU=130032412
FD=0
X=0

[38492.688838067110.0.0.1]
TC=1
LC=38617.7199046875

[38496.4230090741192.168.0.115]
TC=12
LC=38854.6089641204
FU=130032412
FD=0
XU=0
XD=0
